'Nombre: CHEMILABS; Código: 12345678; Fecha: 10/12/2019 00:00:00; Canales: 19
#HHMM;1,PM10,µg/m³;2,PM2.5,µg/m³;3,TSP,µg/m³;4,SO2,ppb;5,O3,ppb;6,CO,ppm;7,NO,ppb;8,NO2,ppb;9,NOX,ppb;10,DV,grados;11,VV,m/s;12,HR,% H.R.;13,TEMP,°C;14,PB,mb;15,RS,W/m²;18,RAIN,mm;16,Humedad Int,% H.R.;17,Temperatura Int,°C;19,Estado Puerta,No definida;
0000 20.99  12.97  0.00D -45.16  2.85  -0.14  66.30  -1.05  65.40  111.1  0.2  50.1  20.3  751.8  0.0  0.0  10.0  23.2  0.0 
0010 20.20  11.64  0.00D -45.09  2.98  -0.16  75.51  -5.05  71.20  138.7  0.2  50.3  20.2  751.8  0.0  0.0  10.0  23.2  0.0 
0020 19.96  11.67  0.00D -45.16  2.94  -0.15  91.94  -10.97  82.56  125.5  0.2  50.2  20.2  751.7  0.0  0.0  10.0  23.2  0.0 
0030 19.50  11.46  0.00D -45.32  3.13  -0.13  111.81  -18.88  95.67  126.8  0.2  49.9  20.2  751.6  0.0  0.0  10.0  23.5  0.0 
0040 19.97  11.48  0.00D -45.32  3.01  -0.13  120.56  -21.25  102.39  141.3  0.2  49.8  20.1  751.5  0.0  0.0  10.0  23.4  0.0 
0050 20.34  13.34  0.00D -45.35  3.14  -0.13  126.40  -23.79  106.06  164.5  0.2  49.5  20.0  751.5  0.0  0.0  10.0  23.2  0.0 
0100 18.38  13.22  0.00D -45.37  4.19  -0.16  111.77  -21.50  93.39  155.5  0.2  49.4  20.0  751.4  0.0  0.0  10.0  23.2  0.0 
0110 17.04  12.43  0.00D -45.38  4.09  -0.19  103.00  -18.81  86.92  150.6  0.2  49.2  20.0  751.4  0.0  0.0  10.0  23.3  0.0 
0120 15.38  10.76  0.00D -45.76  3.57  -0.26  82.92  -13.00  71.81  164.3  0.2  49.1  20.0  751.4  0.0  0.0  10.0  23.4  0.0 
0130 15.88  11.00  0.00D -45.95  3.38  -0.26  92.93  -16.20  79.08  164.3  0.2  49.0  19.9  751.3  0.0  0.0  10.0  23.3  0.0 
0140 16.86  11.66  0.00D -46.31  3.66  -0.23  119.31  -23.94  98.83  195.3  0.2  49.0  19.9  751.2  0.0  0.0  10.0  23.5  0.0 
0150 17.21  11.81  0.00D -46.30  3.53  -0.23  124.51  -25.20  102.95  175.5  0.2  48.8  19.9  751.1  0.0  0.0  10.0  23.3  0.0 
0200 19.84  13.12  0.00D -45.75  3.62  -0.21  142.05  -30.11  116.31  156.8  0.2  48.6  19.8  750.9  0.0  0.0  10.0  23.3  0.0 
0210 20.02  13.22  0.00D -45.67  3.45  -0.21  148.00  -31.94  120.70  179.7  0.2  48.6  19.8  750.9  0.0  0.0  10.0  23.3  0.0 
0220 21.76  15.21  0.00D -45.58  3.12  -0.21  158.53  -35.21  128.42  193.8  0.2  48.7  19.8  750.9  0.0  0.0  10.0  23.4  0.0 
0230 23.60  16.44  0.00D -45.75  3.46  -0.21  161.77  -36.17  130.84  201.8  0.2  48.8  19.7  750.9  0.0  0.0  10.0  23.4  0.0 
0240 27.03  18.15  0.00D -45.92  3.66  -0.20  182.24  -42.99  145.49  199.4  0.2  48.8  19.6  750.7  0.0  0.0  10.0  23.3  0.0 
0250 26.15  17.37  0.00D -45.95  3.70  -0.21  181.05  -42.78  144.47  208.7  0.2  48.9  19.6  750.7  0.0  0.0  10.0  23.5  0.0 
0300 25.00  16.15  0.00D -46.22  3.86  -0.23  170.94  -39.93  136.80  226.7  0.2  48.9  19.6  750.7  0.0  0.0  10.0  23.5  0.0 
0310 25.04  16.08  0.00D -46.36  3.91  -0.20  175.60  -41.71  139.94  198.9  0.2  48.8  19.6  750.7  0.0  0.0  10.0  23.5  0.0 
0320 23.94  15.33  0.00D -46.60  3.91  -0.19  188.58  -46.60  148.74  171.4  0.2  48.6  19.5  750.7  0.0  0.0  10.0  23.5  0.0 
0330 23.20  14.64  0.00D -46.75  3.34  -0.24  186.37  -45.94  147.09  196.8  0.2  48.5  19.5  750.7  0.0  0.0  10.0  23.2  0.0 
0340 23.04  14.77  0.00D -46.78  3.55  -0.25  185.16  -45.86  145.96  192.1  0.2  48.5  19.4  750.7  0.0  0.0  10.0  23.4  0.0 
0350 22.11  14.91  0.00D -46.76  4.07  -0.26  177.04  -44.56  138.94  212.9  0.2  48.4  19.4  750.7  0.0  0.0  10.0  23.5  0.0 
0400 22.21  14.89  0.00D -46.67  3.89  -0.26  175.38  -44.04  137.73  204.4  0.2  48.3  19.4  750.7  0.0  0.0  10.0  23.5  0.0 
0410 23.42  15.19  0.00D -46.25  4.10  -0.26  185.18  -45.18  146.55  202.6  0.2  48.2  19.3  750.7  0.0  0.0  10.0  23.5  0.0 
0420 25.38  16.05  0.00D -46.34  4.03  -0.23  197.84  -40.67  163.07  204.4  0.2  48.2  19.3  750.7  0.0  0.0  10.0  23.4  0.0 
0430 28.68  17.83  0.00D -46.75  4.26  -0.17  226.68  -29.18  201.73  219.4  0.2  48.3  19.3  750.8  0.0  0.0  10.0  23.4  0.0 
0440 27.67  17.39  0.00D -46.85  4.34  -0.18  220.76  -34.03  191.67  222.1  0.2  48.3  19.2  750.8  0.0  0.0  10.0  23.3  0.0 
0450 25.06  16.34  0.00D -46.84  4.27  -0.16  209.00  -43.92  171.45  244.6  0.2  47.9  19.2  750.9  0.0  0.0  10.0  23.3  0.0 
0500 24.58  16.17  0.00D -46.80  4.78  -0.15  209.62  -43.54  172.39  248.8  0.2  47.9  19.1  751.0  0.0  0.0  10.0  23.4  0.0 
0510 22.59  15.03  0.00D -46.88  4.98  -0.15  207.38  -46.18  167.90  235.2  0.2  47.6  19.1  751.1  0.0  0.0  10.0  23.3  0.0 
0520 22.86  15.03  0.00D -46.76  4.92  -0.14  205.20  -47.09  164.94  227.6  0.2  47.5  19.1  751.1  0.0  0.0  10.0  23.4  0.0 
0530 31.32  19.58  0.00D -46.25  4.72  -0.01  226.07  -33.82  197.16  227.4  0.2  47.6  19.0  751.2  0.0  0.0  10.0  23.5  0.0 
0540 34.64  21.69  0.00D -45.99  4.49  0.11  244.71  -24.10  224.11  233.2  0.2  47.6  19.0  751.2  0.0  0.0  10.0  23.5  0.0 
0550 44.66  26.84  0.00D -45.49  4.04  0.39  287.92  -2.40  285.88  231.9  0.2  47.3  19.0  751.4  0.0  0.0  10.0  23.5  0.0 
0600 45.26  27.64  0.00D -45.59  3.52  0.36  281.61  -5.32  277.07  201.2  0.2  47.3  18.8  751.4  0.0  0.0  10.0  23.3  0.0 
0610 51.34  31.22  0.00D -46.06  2.50  0.40  264.54  -12.54  253.82  165.9  0.2  47.5  18.5  751.6  0.0  0.0  10.0  23.2  0.0 
0620 48.84  29.02  0.00D -46.22  2.38  0.43  261.32  -13.64  249.65  180.1  0.2  47.8  18.5  751.7  0.0  0.0  10.0  23.2  0.0 
0630 42.39  24.40  0.00D -46.55  1.98  1.29  274.74  -12.25  264.27  174.1  0.2  48.0  18.4  751.8  0.0  0.0  10.0  23.2  0.0 
0640 44.80  25.21  0.00D -46.30  1.92  1.54  302.64  -9.86  294.22  155.4  0.2  48.1  18.4  751.9  0.0  0.0  10.0  23.3  0.0 
0650 56.45  29.08  0.00D -45.56  1.61  1.65  338.66  0.16  338.80  135.4  0.2  48.8  18.3  752.1  0.0  0.0  10.0  23.2  0.0 
0700 76.83  31.89  0.00D -45.46  1.47  1.38  317.74  0.02  317.76  137.5  0.2  48.8  18.3  752.1  0.0  0.0  10.0  23.3  0.0 
0710 203.34  43.57  0.00D -45.83  1.10  0.80  268.72  -5.42  264.09  139.8  0.2  48.9  18.3  752.3  0.0  0.0  10.0  23.3  0.0 
0720 237.74  51.65  0.00D -46.29  1.22  0.82  266.78  -5.99  261.66  145.8  0.2  49.2  18.3  752.3  0.0  0.0  10.0  23.3  0.0 
0730 249.59  59.76  0.00D -46.50  1.56  1.01  270.82  1.55  272.15  167.7  0.2  50.3  18.3  752.4  0.0  0.0  10.0  23.3  0.0 
0740 236.53  61.68  0.00D -46.38  2.69  1.28  269.23  11.28  278.87  176.2  0.2  51.0  18.2  752.4  0.0  0.0  10.0  23.2  0.0 
0750 207.56  57.26  0.00D -46.12  3.41  1.32  240.40  5.69  245.25  184.2  0.2  53.0  17.8  752.6  0.0  0.0  10.0  23.1  0.0 
0800 168.76  48.14  0.00D -45.97  2.59  1.09  216.81  -2.90  214.33  184.4  0.2  53.3  17.7  752.6  0.1  0.0  10.0  23.1  0.0 
0810 86.95  29.46  0.00D -45.67  1.17  0.56  164.37  -19.35  147.83  163.2  0.2  54.3  17.4  752.7  0.2  0.0  10.0  23.0  0.0 
0820 87.45  28.31  0.00D -45.61  1.20  0.50  156.17  -17.46  141.24  160.2  0.2  54.3  17.5  752.7  0.2  0.0  10.0  23.0  0.0 
0830 73.10  19.65  0.00D -46.28  2.01  0.10  90.54  -2.77  88.17  166.2  0.2  53.3  17.8  752.7  0.3  0.0  10.0  23.1  0.0 
0840 53.49  13.96  0.00D -47.53  3.32  -0.11  36.16  10.99  45.57  184.0  0.2  52.5  18.0  752.6  0.4  0.0  10.0  23.1  0.0 
0850 60.20  13.74  0.00D -47.84  3.50  -0.13  31.78  12.01  42.05  170.8  0.2  52.2  18.1  752.6  0.4  0.0  10.0  23.2  0.0 
0900 93.61  17.79  0.00D -48.15  7.76  -0.22  10.33  11.67  20.31  169.4  0.2  49.9  18.4  752.6  0.6  0.0  10.0  23.3  0.0 
0910 113.98  19.89  0.00D -47.77  12.69  -0.21  -6.27  8.85  1.28  162.2  0.2  48.1  18.6  752.6  0.6  0.0  10.0  23.2  0.0 
0920 86.22  16.04  0.00D -47.84  11.98  -0.21  -6.51  10.85  2.76  169.1  0.2  48.7  18.7  752.6  0.6  0.0  10.0  23.3  0.0 
0930 27.48  8.05  0.00D -48.41  9.70  -0.11  1.76  15.29  14.83  147.8  0.2  49.5  19.1  752.5  0.4  0.0  10.0  23.3  0.0 
0940 27.29  8.36  0.00D -48.62  7.39  -0.07  16.75  14.51  29.16  135.8  0.2  49.2  19.2  752.5  0.3  0.0  10.0  23.4  0.0 
0950 38.56  11.21  0.00D -48.82  2.59  0.00  41.06  23.86  61.47  115.0  0.2  48.2  19.6  752.5  0.0  0.0  10.0  23.3  0.0 
1000 51.65  12.54  0.00D -48.57  4.54  -0.07  29.87  21.37  48.15  133.9  0.2  47.6  19.7  752.5  0.1  0.0  10.0  23.5  0.0 
1010 61.52  12.79  0.00D -48.43  9.89  -0.16  1.66  18.05  17.09  157.9  0.3  46.8  19.9  752.5  0.5  0.0  10.0  23.5  0.0 
1020 86.57  17.30  0.00D -48.44  10.34  -0.14  2.38  18.29  18.02  150.3  0.3  46.8  20.0  752.4  0.5  0.0  10.0  23.5  0.0 
1030 143.62  27.33  0.00D -48.02  11.58  -0.01  36.13  13.24  47.45  127.5  0.3  46.6  20.1  752.4  0.2  0.0  10.0  23.6  0.0 
1040 110.44  21.14  0.00D -48.31  12.65  -0.12  20.75  12.89  31.77  124.4  0.3  46.6  20.1  752.3  0.1  0.0  10.0  23.5  0.0 
1050 81.44  16.97  0.00D -49.37  12.51  -0.29  -10.89  15.05  1.99  122.4  0.2  46.9  20.2  752.2  0.0  0.0  10.0  23.5  0.2 
1100 79.12  17.80  0.00D -49.37  9.54  -0.09  36.53  7.23  42.72  139.5  0.2  47.0  20.3  752.1  0.0  0.0  10.0  23.6  0.2 
1110 61.65  16.27  0.00D -49.34  3.02  0.20  89.36  3.72  92.55  150.1  0.2  47.0  20.6  751.9  0.0  0.0  10.0  23.8  0.0 
1120 57.22  14.67  0.00D -49.58  3.96  0.09  61.00  10.00  69.55  150.4  0.2  46.8  20.7  751.8  0.0  0.0  10.0  23.7  0.0 
1130 43.84  12.97  0.00D -50.02  6.28  -0.18  51.35  7.08  57.41  159.6  0.2  46.4  20.8  751.7  0.0  0.0  10.0  23.7  0.0 
1140 60.45  14.51  0.00D -50.16  5.74  -0.25  59.14  4.36  62.87  162.8  0.2  46.2  20.9  751.6  0.0  0.0  10.0  23.7  0.0 
1150 86.85  16.07  0.00D -50.12  8.58  -0.35  4.02  15.33  17.14  155.0  0.2  46.5  21.0  751.5  0.0  0.0  10.0  23.8  0.0 
1200 77.40  15.43  0.00D -50.17  8.58  -0.36  0.80  16.29  14.72  161.8  0.2  46.6  21.0  751.5  0.0  0.0  10.0  23.7  0.0 
1210 47.36  11.97  0.00D -50.24  9.20  -0.39  -8.01  18.11  7.48  155.5  0.2  46.7  21.1  751.4  0.0  0.0  10.0  23.5  0.0 
1220 44.68  12.03  0.00D -50.22  9.41  -0.39  -9.58  17.93  5.74  159.3  0.1  46.8  21.1  751.3  0.0  0.0  10.0  23.5  0.0 
1230 39.50  13.01  0.00D -50.14  9.28  0.12  -6.25  16.42  7.78  185.2  0.1  47.1  21.2  751.1  0.0  0.0  10.0  23.5  0.0 
1240 34.94  11.95  0.00D -49.53  6.13  1.33  29.49  9.71  37.79  180.8  0.2  47.3  21.3  751.0  0.0  0.0  10.0  23.6  0.0 
1250 31.08  8.78  0.00D -49.24  3.76  0.94  19.45  15.86  33.01  171.0  0.2  46.6  21.5  750.9  0.0  0.0  10.0  23.2  0.0 
1300 30.09  8.26  0.00D -49.39  5.58  0.56  11.85  16.68  26.11  177.2  0.2  45.9  21.4  750.8  0.0  0.0  10.0  23.5  0.0 
1310 31.94  7.76  0.00D -50.04  10.38  -0.33  -6.79  16.89  7.66  202.3  0.2  44.1  21.3  750.7  0.0  0.0  10.0  23.7  0.0 
1320 61.09  11.68  0.00D -50.40  11.50  -0.39  -6.14  15.96  7.51  158.4  0.2  44.2  21.4  750.5  0.0  0.0  10.0  23.6  0.0 
1330 82.97  15.74  0.00D -50.72  10.07  -0.37  18.35  18.11  33.83  124.4  0.2  44.9  21.5  750.3  0.0  0.0  10.0  23.7  0.0 
1340 77.61  15.25  0.00D -50.83  8.57  -0.37  20.47  20.99  38.42  152.9  0.2  44.9  21.5  750.2  0.0  0.0  10.0  23.6  0.0 
1350 55.95  12.25  0.00D -50.99  6.97  -0.42  11.74  23.05  31.46  167.1  0.2  44.7  21.6  750.1  0.0  0.0  10.0  23.7  0.0 
1400 64.71  13.29  0.00D -51.09  8.36  -0.44  4.43  21.42  22.75  175.8  0.2  44.4  21.6  750.0  0.0  0.0  10.0  23.6  0.0 
1410 71.68  14.06  0.00D -50.92  11.56  -0.24  -9.39  17.54  5.60  191.5  0.2  43.8  21.6  749.9  0.0  0.0  10.0  23.7  0.0 
1420 77.67  15.75  0.00D -50.78  10.22  -0.21  -5.87  17.92  9.45  213.1  0.2  44.3  21.6  749.8  0.0  0.0  10.0  23.6  0.0 
1430 170.01  33.04  0.00D -50.38  6.40  -0.26  -1.37  20.19  15.89  197.4  0.2  45.6  21.6  749.6  0.0  0.0  10.0  23.6  0.0 
1440 155.62  32.91  0.00D -50.47  6.31  -0.30  -3.93  20.62  13.70  204.5  0.2  45.7  21.6  749.5  0.0  0.0  10.0  23.6  0.0 
1450 96.30  24.95  0.00D -50.55  6.30  -0.41  -8.86  21.66  9.66  240.0  0.2  45.7  21.7  749.4  0.0  0.0  10.0  23.6  0.0 
1500 89.33  24.76  0.00D -50.55  7.70  -0.39  -9.98  20.73  7.74  219.8  0.2  45.6  21.7  749.4  0.0  0.0  10.0  23.7  0.0 
1510 74.86  23.20  0.00D -50.49  10.33  -0.37  -12.95  18.10  2.52  152.9  0.2  45.7  21.7  749.2  0.0  0.0  10.0  23.7  0.0 
1520 74.58  21.12  0.00D -50.23  10.21  -0.19  -12.13  18.05  3.30  149.5  0.2  45.7  21.8  749.2  0.0  0.0  10.0  23.8  0.0 
1530 89.90  22.20  0.00D -50.44  10.53  -0.25  -8.76  21.21  9.37  168.0  0.2  45.7  21.9  749.0  0.0  0.0  10.0  23.9  0.0 
1540 111.98  27.21  0.00D -51.28  8.75  -0.44  -1.05  27.25  22.25  147.3  0.2  45.6  21.8  748.9  0.0  0.0  10.0  24.0  0.0 
1550 93.16  21.29  0.00D -51.25  9.98  -0.51  -6.00  21.08  12.02  165.0  0.2  45.7  21.8  749.0  0.0  0.0  10.0  23.9  0.0 
1600 95.14  21.12  0.00D -51.37  12.18  -0.57  -12.06  18.74  3.95  162.4  0.2  45.1  21.8  749.0  0.0  0.0  10.0  23.7  0.0 
1610 102.08  23.79  0.00D -51.20  11.69  -0.28  26.19  57.17  75.06  179.0  0.2  45.2  21.8  749.0  0.0  0.0  10.0  23.7  0.0 
1620 107.95  24.85  0.00D -50.85  9.35  -0.06  52.60  87.27  127.22  200.1  0.2  46.2  21.7  749.0  0.0  0.0  10.0  23.6  0.0 
1630 93.98  21.10  0.00D -51.14  9.38  -0.22  33.33  67.98  91.45  191.1  0.2  46.5  21.7  749.0  0.0  0.0  10.0  23.7  0.0 
1640 47.02  11.90  0.00D -51.71  8.72  -0.53  -6.11  29.73  19.31  158.8  0.2  48.3  21.5  749.1  0.0  0.0  10.0  23.8  0.0 
1650 44.32  14.73  0.00D -51.68  6.72  -0.43  -4.33  37.89  28.07  144.4  0.2  51.3  21.5  749.2  0.0  0.0  10.0  23.9  0.0 
1700 48.29  16.04  0.00D -51.75  6.43  -0.40  -3.82  40.45  30.76  152.4  0.2  52.2  21.5  749.2  0.0  0.0  10.0  23.7  0.0 
1710 57.42  18.51  0.00D -51.84  6.02  -0.30  -3.44  45.55  35.51  157.2  0.2  54.5  21.5  749.3  0.0  0.0  10.0  23.6  0.0 
1720 64.83  19.25  0.00D -51.85  5.59  -0.28  -2.08  45.57  36.88  148.0  0.2  55.4  21.5  749.4  0.0  0.0  10.0  23.6  0.0 
1730 78.71  21.02  0.00D -52.46  5.49  -0.27  -1.27  45.97  38.04  132.4  0.2  56.2  21.5  749.6  0.0  0.0  10.0  23.4  0.0 
1740 74.02  20.69  0.00D -52.58  5.30  -0.24  -1.48  46.40  38.19  140.4  0.2  56.2  21.5  749.6  0.0  0.0  10.0  23.6  0.0 
1750 69.59  20.81  0.00D -52.66  4.33  -0.07  2.07  48.01  43.12  169.1  0.2  56.2  21.4  749.8  0.0  0.0  10.0  23.6  0.0 
1800 67.52  20.33  0.00D -52.76  5.23  -0.14  -2.05  45.73  37.05  176.1  0.2  56.5  21.4  749.9  0.0  0.0  10.0  23.6  0.0 
1810 74.18  21.90  0.00D -53.04  5.59  -0.17  -3.81  44.94  34.60  160.9  0.2  56.9  21.3  750.2  0.0  0.0  10.0  23.8  0.0 
1820 72.38  21.73  0.00D -53.06  4.70  -0.13  2.05  44.88  40.42  163.3  0.2  56.9  21.2  750.2  0.0  0.0  10.0  23.7  0.0 
1830 66.54  21.46  0.00D -53.11  2.64  0.00  15.86  44.33  53.76  159.9  0.2  57.1  21.2  750.4  0.0  0.0  10.0  23.6  0.0 
1840 68.22  22.55  0.00D -53.11  2.38  0.11  30.11  39.62  63.98  158.1  0.2  57.1  21.2  750.4  0.0  0.0  10.0  23.5  0.0 
1850 60.81  21.93  0.00D -52.69  1.69  0.23  46.62  31.13  73.24  160.0  0.2  57.0  21.2  750.7  0.0  0.0  10.0  23.4  0.0 
1900 53.53  19.11  0.00D -52.75  1.93  0.10  32.88  31.57  59.88  152.1  0.2  56.3  21.1  750.8  0.0  0.0  10.0  23.5  0.0 
1910 45.94  13.72  0.00D -53.19  2.19  -0.20  1.96  32.42  29.68  139.2  0.2  54.4  21.0  751.0  0.0  0.0  10.0  23.4  0.0 
1920 51.53  13.79  0.00D -53.18  2.07  -0.19  0.08  32.04  27.48  141.3  0.2  54.1  21.0  751.1  0.0  0.0  10.0  23.5  0.0 
1930 50.79  12.44  0.00D -53.04  1.90  -0.18  -4.88  30.46  21.17  135.6  0.2  53.0  21.0  751.4  0.0  0.0  10.0  23.6  0.0 
1940 43.05  11.18  0.00D -53.11  2.46  -0.16  -6.43  29.21  18.55  135.7  0.2  52.9  21.0  751.4  0.0  0.0  10.0  23.5  0.0 
1950 22.80  7.43  0.00D -53.59  4.14  -0.16  -10.38  24.94  10.95  133.1  0.2  52.5  20.9  751.6  0.0  0.0  10.0  23.5  0.0 
2000 24.41  7.66  0.00D -53.62  4.51  -0.19  -11.56  23.71  8.71  128.1  0.2  52.4  20.9  751.6  0.0  0.0  10.0  23.4  0.0 
2010 21.66  8.00  0.00D -53.77  5.71  -0.26  -14.71  19.84  2.25  117.5  0.2  52.0  20.7  751.8  0.0  0.0  10.0  23.3  0.0 
2020 35.07  8.52  0.00D -53.39  5.51  -0.28  -12.48  19.60  4.28  111.5  0.2  51.8  20.7  751.9  0.0  0.0  10.0  23.6  0.0 
2030 29.31  8.53  0.00D -53.64  4.81  -0.28  -10.26  21.32  7.97  117.9  0.2  51.7  20.7  751.9  0.0  0.0  10.0  23.6  0.0 
2040 18.34  9.12  0.00D -54.24  5.20  -0.27  -11.36  21.91  7.37  126.5  0.2  51.7  20.6  752.0  0.0  0.0  10.0  23.6  0.0 
2050 18.35  9.31  0.00D -54.27  5.16  1.55  -9.05  22.08  9.82  122.5  0.2  51.6  20.6  752.0  0.0  0.0  10.0  23.6  0.0 
2100 17.24  9.14  0.00D -53.83  3.79  6.38  3.63  22.49  22.86  117.2  0.2  51.4  20.7  752.2  0.0  0.0  10.0  23.4  0.0 
2110 18.69  9.45  0.00D -53.58  3.21  4.79  12.02  19.08  28.32  118.2  0.2  51.4  20.7  752.3  0.0  0.0  10.0  23.5  0.0 
2120 23.57  9.74  0.00D -53.06  2.02  0.71  35.44  8.84  43.00  116.7  0.2  51.3  20.6  752.5  0.0  0.0  10.0  23.5  0.0 
2130 24.02  10.16  0.00D -53.14  1.35  0.11  66.57  -1.94  64.92  115.3  0.2  51.0  20.6  752.6  0.0  0.0  10.0  23.3  0.0 
2140 25.24  11.69  0.00D -53.22  2.08  0.17  81.65  -6.94  75.72  112.8  0.2  51.0  20.6  752.7  0.0  0.0  10.0  23.4  0.0 
2150 34.53  18.63  0.00D -53.33  5.07  0.49  164.32  -23.55  144.20  111.9  0.2  51.1  20.5  752.8  0.0  0.0  10.0  23.4  0.0 
2200 37.92  19.77  0.00D -52.95  7.39  0.59  194.25  -24.36  173.42  114.5  0.2  51.0  20.5  752.8  0.0  0.0  10.0  23.3  0.0 
2210 38.81  19.21  0.00D -52.73  11.19  0.64  221.83  -27.71  198.13  111.1  0.2  50.9  20.5  752.9  0.0  0.0  10.0  23.5  0.0 
2220 36.89  18.35  0.00D -52.89  10.51  0.59  218.33  -30.67  192.10  111.6  0.2  50.8  20.4  752.9  0.0  0.0  10.0  23.4  0.0 
2230 32.38  16.16  0.00D -53.10  8.71  0.44  200.43  -39.39  166.75  116.7  0.2  51.0  20.4  752.9  0.0  0.0  10.0  23.4  0.0 
2240 29.88  14.96  0.00D -53.26  8.03  0.37  182.71  -35.44  152.41  113.7  0.2  51.1  20.4  752.9  0.0  0.0  10.0  23.4  0.0 
2250 20.02  10.77  0.00D -53.92  6.32  0.13  118.42  -19.22  101.99  119.4  0.2  51.4  20.4  752.8  0.0  0.0  10.0  23.3  0.0 
2300 16.83  9.36  0.00D -53.91  6.10  0.06  92.17  -11.05  82.73  114.4  0.2  51.5  20.4  752.8  0.0  0.0  10.0  23.4  0.0 
2310 10.33  6.45  0.00D -54.09  5.70  -0.13  28.36  8.63  35.74  111.4  0.2  51.7  20.4  752.8  0.0  0.0  10.0  23.3  0.0 
2320 18.76  9.54  0.00D -54.27  5.04  -0.03  68.07  -3.60  64.99  114.8  0.2  51.6  20.3  752.8  0.0  0.0  10.0  23.3  0.0 
2330 33.33  14.26  0.00D -54.62  4.31  0.17  141.71  -26.82  118.78  111.0  0.2  51.6  20.3  752.7  0.0  0.0  10.0  23.3  0.0 
2340 34.05  14.44  0.00D -54.57  3.95  0.16  145.14  -27.95  121.24  111.4  0.2  51.7  20.3  752.7  0.0  0.0  10.0  23.3  0.0 
2350 34.09  15.32  0.00D -54.30  3.62  0.18  157.49  -32.25  129.92  114.5  0.2  51.7  20.3  752.7  0.0  0.0  10.0  23.5  0.0 
