'Nombre: CHEMILABS; Código: 12345678; Fecha: 22/12/2019 00:00:00; Canales: 18
#HHMM;1,PM10,µg/m³;2,PM2.5,µg/m³;4,SO2,ppb;5,O3,ppb;6,CO,ppm;7,NO,ppb;8,NO2,ppb;9,NOX,ppb;10,DV,grados;11,VV,m/s;12,HR,% H.R.;13,TEMP,°C;14,PB,mb;15,RS,W/m²;16,RAIN,mm;17,Humedad Int,% H.R.;18,Temperatura Int,°C;20,Estado Puerta,No definida;
0000 11.59  8.88  -138.67  3.13  -0.04  33.48  9.44  41.56  122.1  0.2  53.0  20.1  752.7  0.0  0.0  10.0  23.4  0.0 
0010 9.61  7.49  -138.83  3.10  -0.11  21.00  13.78  32.79  122.6  0.2  52.9  20.1  752.5  0.0  0.0  10.0  23.5  0.0 
0020 8.54  6.90  -138.55  3.44  -0.15  14.57  15.90  28.17  119.3  0.2  52.9  20.1  752.5  0.0  0.0  10.0  23.4  0.0 
0030 6.62  5.38  -138.17  4.23  -0.24  -6.21  22.85  13.33  130.7  0.2  52.7  20.1  752.2  0.0  0.0  10.0  23.3  0.0 
0040 6.82  5.21  -138.56  4.03  -0.27  -12.56  25.42  9.17  115.6  0.2  52.7  20.1  752.1  0.0  0.0  10.0  23.0  0.0 
0050 6.78  5.17  -138.45  3.87  -0.27  -12.29  25.52  9.52  115.3  0.2  52.8  20.1  752.0  0.0  0.0  10.0  23.2  0.0 
0100 8.01  5.57  -138.33  3.28  -0.25  -6.72  23.92  13.73  117.7  0.2  53.0  20.1  751.9  0.0  0.0  10.0  23.5  0.0 
0110 9.06  6.02  -138.17  3.28  -0.23  1.18  21.06  19.19  124.8  0.2  53.1  20.0  751.9  0.0  0.0  10.0  23.4  0.0 
0120 8.60  5.64  -138.48  3.78  -0.23  15.64  14.20  27.79  125.4  0.2  53.2  20.0  751.8  0.0  0.0  10.0  23.2  0.0 
0130 5.84  4.16  -139.42  4.32  -0.31  3.60  15.73  17.05  107.9  0.2  53.2  20.1  751.7  0.0  0.0  10.0  23.1  0.0 
0140 5.60  3.95  -139.57  4.58  -0.32  -0.33  17.06  14.26  111.8  0.2  53.3  20.0  751.7  0.0  0.0  10.0  23.2  0.0 
0150 3.97  2.91  -140.26  5.81  -0.39  -13.59  19.47  3.06  137.8  0.3  53.8  20.0  751.6  0.0  0.0  10.0  23.4  0.0 
0200 4.39  3.11  -140.46  6.19  -0.40  -15.49  18.87  0.64  121.5  0.2  54.0  20.0  751.5  0.0  0.0  10.0  23.1  0.0 
0210 4.96  3.36  -140.26  5.17  -0.38  -12.01  19.35  4.54  130.1  0.2  54.0  20.0  751.5  0.0  0.0  10.0  23.2  0.0 
0220 6.47  4.03  -139.85  2.81  -0.35  -5.24  20.92  12.65  135.6  0.2  54.2  19.9  751.3  0.0  0.0  10.0  23.5  0.0 
0230 6.56  4.19  -139.75  2.95  -0.35  -5.61  21.29  12.60  131.3  0.2  54.3  19.9  751.3  0.0  0.0  10.0  23.4  0.0 
0240 6.92  4.75  -139.71  3.39  -0.35  -6.12  21.81  12.52  136.9  0.2  54.7  19.9  751.2  0.0  0.0  10.0  23.4  0.0 
0250 7.59  5.12  -139.46  3.57  -0.35  -5.94  21.60  12.52  146.8  0.2  54.8  19.9  751.1  0.0  0.0  10.0  23.4  0.0 
0300 8.28  5.51  -138.93  3.52  -0.34  -7.23  22.15  11.70  152.8  0.3  55.0  19.8  751.0  0.0  0.0  10.0  23.4  0.0 
0310 8.36  5.55  -138.82  3.40  -0.34  -8.25  22.62  11.09  146.3  0.2  55.0  19.8  751.0  0.0  0.0  10.0  23.4  0.0 
0320 8.46  5.70  -138.49  3.39  -0.36  -11.61  24.25  9.12  128.6  0.2  55.1  19.8  750.9  0.0  0.0  10.0  23.3  0.0 
0330 8.43  5.81  -138.37  3.23  -0.38  -12.68  24.77  8.49  124.3  0.2  55.3  19.8  750.8  0.0  0.0  10.0  23.4  0.0 
0340 7.31  5.36  -138.32  3.34  -0.42  -16.07  25.34  5.60  118.9  0.2  55.8  19.8  750.7  0.0  0.0  10.0  23.4  0.0 
0350 6.39  4.84  -138.43  4.22  -0.44  -17.33  24.39  3.53  117.8  0.2  55.9  19.8  750.6  0.0  0.0  10.0  23.4  0.0 
0400 4.06  3.42  -139.03  6.75  -0.49  -20.35  21.01  -2.38  116.1  0.2  55.9  19.8  750.6  0.0  0.0  10.0  23.4  0.0 
0410 3.71  3.14  -139.53  7.50  -0.49  -20.78  19.93  -3.75  128.9  0.2  55.9  19.8  750.6  0.0  0.0  10.0  23.3  0.0 
0420 2.53  2.24  -140.29  8.57  -0.51  -22.13  16.58  -7.94  131.3  0.2  56.2  19.8  750.6  0.0  0.0  10.0  23.3  0.0 
0430 2.48  2.24  -140.23  7.92  -0.49  -21.73  15.70  -8.31  123.7  0.2  56.9  19.8  750.6  0.0  0.0  10.0  23.7  0.0 
0440 2.77  2.38  -140.46  7.61  -0.47  -19.45  16.75  -5.14  126.6  0.2  57.2  19.8  750.7  0.0  0.0  10.0  23.6  0.0 
0450 2.97  2.55  -140.54  7.48  -0.43  -16.66  18.38  -0.94  126.7  0.2  57.9  19.8  750.8  0.0  0.0  10.0  23.6  0.0 
0500 3.02  2.63  -140.64  7.44  -0.42  -15.83  18.47  -0.04  128.9  0.2  58.1  19.8  750.8  0.0  0.0  10.0  23.5  0.0 
0510 3.38  3.03  -140.93  6.98  -0.40  -14.59  18.81  1.49  125.3  0.2  58.6  19.8  750.9  0.0  0.0  10.0  23.3  0.0 
0520 3.80  3.39  -140.95  6.61  -0.40  -13.45  18.70  2.53  128.2  0.2  58.7  19.8  751.0  0.0  0.0  10.0  23.4  0.0 
0530 5.87  5.03  -140.84  5.68  -0.34  -4.78  16.73  9.53  127.9  0.2  59.1  19.8  751.2  0.0  0.0  10.0  23.3  0.0 
0540 7.49  6.31  -140.49  5.36  -0.28  7.00  12.97  18.09  132.6  0.2  59.3  19.7  751.3  0.0  0.0  10.0  23.3  0.0 
0550 10.08  8.30  -140.15  4.93  -0.20  26.30  6.44  31.81  154.1  0.2  59.7  19.7  751.5  0.0  0.0  10.0  23.5  0.0 
0600 10.07  8.37  -140.49  4.80  -0.20  26.92  6.39  32.38  142.4  0.2  59.8  19.7  751.5  0.0  0.0  10.0  23.4  0.0 
0610 10.09  8.53  -140.70  4.13  -0.17  26.18  7.16  32.30  132.4  0.2  60.1  19.6  751.7  0.0  0.0  10.0  23.4  0.0 
0620 10.10  8.61  -140.62  4.38  -0.16  26.74  6.80  32.54  152.9  0.2  60.2  19.6  751.8  0.0  0.0  10.0  23.3  0.0 
0630 9.99  8.70  -140.67  4.99  -0.11  31.11  4.54  35.00  154.0  0.2  60.6  19.6  752.0  0.0  0.0  10.0  23.2  0.0 
0640 9.85  8.70  -140.81  4.98  -0.09  34.47  3.06  37.09  156.1  0.2  60.7  19.6  752.1  0.0  0.0  10.0  23.3  0.0 
0650 9.83  8.73  -141.22  4.69  -0.02  51.20  -3.31  48.37  154.8  0.2  61.4  19.6  752.3  0.0  0.0  10.0  23.4  0.0 
0700 9.88  8.67  -141.18  3.83  0.00  61.65  -6.58  56.03  143.9  0.2  61.9  19.6  752.4  0.0  0.0  10.0  23.5  0.0 
0710 9.74  8.67  -141.17  3.82  -0.01  60.75  -6.06  55.57  144.8  0.2  62.0  19.6  752.4  0.0  0.0  10.0  23.4  0.0 
0720 9.39  8.47  -141.01  3.64  -0.01  56.03  -3.74  52.84  139.8  0.2  62.3  19.5  752.5  0.0  0.0  10.0  23.3  0.0 
0730 8.76  7.88  -140.92  3.60  -0.03  49.61  -1.33  48.48  146.8  0.2  62.6  19.5  752.6  0.0  0.0  10.0  23.4  0.0 
0740 6.89  6.13  -140.53  3.61  -0.08  29.08  6.36  34.52  147.5  0.2  62.8  19.5  752.8  0.0  0.0  10.0  23.4  0.0 
0750 6.22  5.56  -140.46  3.63  -0.10  22.59  8.81  30.12  142.1  0.2  62.4  19.5  752.9  0.0  0.0  10.0  23.4  0.0 
0800 4.11  3.67  -140.70  4.23  -0.18  3.61  14.41  15.93  153.3  0.2  60.4  19.6  753.0  0.0  0.0  10.0  23.4  0.0 
0810 3.60  3.19  -140.95  4.43  -0.17  2.40  16.44  16.45  152.8  0.2  59.4  19.6  753.0  0.0  0.0  10.0  23.3  0.0 
0820 3.33  1.95  -141.63  5.35  -0.19  -4.11  20.14  13.10  141.2  0.2  56.7  19.6  753.1  0.0  0.0  10.0  23.3  0.0 
0830 3.39  1.62  -141.93  7.00  -0.23  -8.78  18.13  6.72  164.8  0.2  56.1  19.6  753.2  0.0  0.0  10.0  23.3  0.0 
0840 1.90  0.75  -142.32  12.07  -0.31  -20.24  12.75  -9.34  207.3  0.2  54.9  19.4  753.3  0.0  0.0  10.0  23.3  0.0 
0850 1.12  0.68  -142.10  12.79  -0.29  -21.57  11.90  -11.39  183.4  0.2  54.6  19.3  753.4  0.0  0.0  10.0  23.5  0.0 
0900 1.09  0.70  -142.34  12.01  -0.28  -21.51  12.23  -11.07  161.1  0.2  54.5  19.4  753.4  0.0  0.0  10.0  23.4  0.0 
0910 0.90  0.65  -142.79  11.43  -0.28  -21.32  12.38  -10.74  133.1  0.2  53.5  19.4  753.4  0.0  0.0  10.0  23.3  0.0 
0920 1.05  0.66  -142.94  12.55  -0.29  -21.62  11.83  -11.51  152.8  0.2  53.1  19.4  753.4  0.0  0.0  10.0  23.4  0.0 
0930 4.54  1.23  -143.26  14.20  -0.31  -22.13  10.93  -12.78  185.6  0.2  52.6  19.4  753.4  0.0  0.0  10.0  23.3  0.0 
0940 6.25  1.43  -143.12  13.67  -0.31  -22.09  11.25  -12.47  172.4  0.2  52.6  19.4  753.4  0.0  0.0  10.0  23.4  0.0 
0950 6.39  1.57  -143.04  12.53  -0.28  -21.93  11.83  -11.82  162.2  0.2  52.8  19.5  753.3  0.0  0.0  10.0  23.4  0.0 
1000 4.13  1.30  -142.90  13.27  -0.29  -22.02  11.72  -12.00  150.0  0.2  52.3  19.5  753.3  0.0  0.0  10.0  23.4  0.0 
1010 2.21  1.11  -142.79  14.36  -0.31  -22.32  11.53  -12.45  134.5  0.2  51.8  19.6  753.3  0.0  0.0  10.0  23.7  0.0 
1020 2.01  1.04  -142.75  14.46  -0.31  -22.35  11.39  -12.61  148.3  0.2  51.7  19.6  753.3  0.0  0.0  10.0  23.5  0.0 
1030 1.69  1.06  -142.77  14.73  -0.31  -22.51  10.89  -13.20  165.9  0.2  50.9  19.7  753.3  0.0  0.0  10.0  23.3  0.0 
1040 1.67  1.02  -143.02  14.95  -0.31  -22.59  10.72  -13.42  171.0  0.2  50.7  19.7  753.3  0.0  0.0  10.0  23.4  0.0 
1050 1.82  1.04  -143.42  14.94  -0.30  -21.67  11.14  -12.15  157.5  0.2  50.0  19.7  753.2  0.0  0.0  10.0  23.3  0.0 
1100 2.22  1.29  -143.38  14.55  -0.31  -21.51  11.87  -11.36  163.1  0.2  49.9  19.7  753.1  0.0  0.0  10.0  23.3  0.0 
1110 2.64  1.77  -143.43  12.33  -0.31  -20.67  13.88  -8.80  214.3  0.2  50.0  19.6  753.0  0.0  0.0  10.0  23.4  0.0 
1120 4.78  1.59  -143.36  12.80  -0.32  -20.17  14.17  -8.05  197.4  0.2  49.7  19.6  752.9  0.0  0.0  10.0  23.3  0.0 
1130 7.91  1.41  -143.14  15.35  -0.36  -21.11  12.12  -10.75  206.5  0.2  49.1  19.6  752.8  0.0  0.0  10.0  23.6  0.0 
1140 6.32  1.33  -143.14  15.27  -0.36  -21.22  11.94  -11.01  202.8  0.2  49.0  19.6  752.7  0.0  0.0  10.0  23.5  0.0 
1150 2.49  1.10  -143.30  15.39  -0.38  -21.57  11.16  -12.03  187.0  0.2  48.3  19.6  752.6  0.0  0.0  10.0  23.5  0.0 
1200 2.37  1.07  -143.26  15.40  -0.38  -21.47  11.18  -11.92  181.9  0.2  48.2  19.6  752.6  0.0  0.0  10.0  23.4  0.0 
1210 2.02  0.95  -143.11  15.47  -0.39  -21.41  11.41  -11.65  164.3  0.2  48.0  19.7  752.4  0.0  0.0  10.0  23.3  0.0 
1220 1.94  1.01  -143.07  14.76  -0.40  -21.72  11.26  -12.10  195.4  0.2  48.5  19.8  752.3  0.0  0.0  10.0  23.5  0.0 
1230 1.96  1.01  -143.21  14.76  -0.40  -21.71  11.12  -12.21  169.5  0.2  48.1  19.8  752.2  0.0  0.0  10.0  23.4  0.0 
1240 2.49  0.97  -143.62  15.72  -0.39  -21.79  10.52  -12.80  111.2  0.3  47.5  19.9  752.1  0.0  0.0  10.0  23.6  0.0 
1250 2.20  0.91  -143.88  16.27  -0.41  -21.85  10.29  -13.06  115.8  0.3  47.5  19.9  752.0  0.0  0.0  10.0  23.4  0.0 
1300 2.68  0.87  -144.07  17.23  -0.44  -21.80  9.76  -13.46  126.3  0.3  47.3  20.1  751.8  0.0  0.0  10.0  23.5  0.0 
1310 2.41  0.87  -144.02  16.96  -0.45  -21.83  9.87  -13.39  123.1  0.2  46.9  20.2  751.8  0.0  0.0  10.0  23.4  0.0 
1320 2.87  0.90  -143.86  16.23  0.18  -21.83  10.22  -13.10  126.2  0.2  46.2  20.4  751.5  0.0  0.0  10.0  23.5  0.0 
1330 2.60  0.83  -143.57  16.57  0.20  -21.52  10.20  -12.79  142.5  0.2  46.1  20.5  751.4  0.0  0.0  10.0  23.6  0.0 
1340 2.12  0.77  -143.78  16.83  -0.34  -21.67  9.58  -13.47  177.3  0.2  46.0  20.6  751.2  0.0  0.0  10.0  23.5  0.0 
1350 1.88  0.83  -143.60  16.86  -0.41  -21.77  9.55  -13.60  169.3  0.2  46.1  20.6  751.2  0.0  0.0  10.0  23.6  0.0 
1400 1.71  0.94  -143.50  17.27  -0.51  -22.09  9.25  -14.18  157.9  0.2  46.1  20.6  751.0  0.0  0.0  10.0  23.3  0.0 
1410 1.57  0.85  -143.55  17.24  -0.52  -22.20  9.20  -14.34  181.0  0.2  45.9  20.6  750.9  0.0  0.0  10.0  23.4  0.0 
1420 1.42  0.74  -143.47  17.37  -0.55  -22.27  9.09  -14.50  317.8  0.3  45.2  20.7  750.7  0.0  0.0  10.0  23.2  0.0 
1430 1.30  0.73  -143.50  17.37  -0.55  -22.24  9.02  -14.53  283.6  0.3  45.1  20.7  750.7  0.0  0.0  10.0  23.4  0.0 
1440 1.29  0.75  -143.79  16.79  -0.54  -22.15  9.22  -14.27  170.3  0.2  44.7  20.8  750.5  0.0  0.0  10.0  23.6  0.0 
1450 1.26  0.73  -143.94  16.89  -0.55  -22.13  9.29  -14.19  155.6  0.2  44.4  20.8  750.5  0.0  0.0  10.0  23.6  0.0 
1500 1.41  0.74  -144.01  16.90  -0.57  -21.94  9.88  -13.50  134.0  0.2  43.6  21.0  750.4  0.0  0.0  10.0  23.6  0.0 
1510 1.57  0.80  -144.01  16.34  -0.57  -22.00  10.18  -13.30  137.2  0.2  43.9  20.9  750.3  0.0  0.0  10.0  23.5  0.0 
1520 1.69  0.90  -143.96  13.74  -0.57  -22.30  11.09  -12.82  139.2  0.2  44.8  20.9  750.2  0.0  0.0  10.0  23.6  0.0 
1530 1.79  0.96  -144.03  12.90  -0.57  -22.28  11.45  -12.49  149.3  0.2  45.0  20.9  750.1  0.0  0.0  10.0  23.5  0.0 
1540 2.37  1.43  -144.09  10.68  -0.58  -21.59  12.94  -10.52  184.8  0.2  45.4  20.9  750.1  0.0  0.0  10.0  23.5  0.0 
1550 2.30  1.45  -144.35  10.30  -0.58  -21.53  13.39  -10.09  175.7  0.2  45.5  20.9  750.1  0.0  0.0  10.0  23.5  0.0 
1600 2.03  1.35  -144.52  9.43  -0.58  -21.76  13.66  -10.07  178.2  0.2  45.8  21.0  750.0  0.0  0.0  10.0  23.5  0.0 
1610 2.03  1.29  -144.42  9.81  -0.59  -21.96  13.18  -10.68  184.7  0.2  45.6  21.1  750.0  0.0  0.0  10.0  23.6  0.0 
1620 1.65  1.06  -144.20  10.40  -0.59  -22.35  12.09  -12.01  222.1  0.2  45.1  21.2  749.9  0.0  0.0  10.0  23.5  0.0 
1630 1.59  1.02  -143.99  10.50  -0.59  -22.40  11.95  -12.18  204.2  0.2  45.0  21.2  750.0  0.0  0.0  10.0  23.6  0.0 
1640 1.48  0.92  -143.90  10.42  -0.60  -22.56  11.70  -12.56  208.8  0.1  45.0  21.2  750.0  0.0  0.0  10.0  23.6  0.0 
1650 1.44  0.87  -143.96  10.09  -0.59  -22.58  11.63  -12.64  229.8  0.2  45.1  21.2  750.0  0.0  0.0  10.0  23.7  0.0 
1700 1.44  0.82  -144.06  9.54  -0.59  -22.68  11.43  -12.91  227.0  0.2  45.1  21.2  750.1  0.0  0.0  10.0  23.6  0.0 
1710 1.48  0.82  -144.13  10.03  -0.58  -22.67  11.27  -13.02  185.2  0.2  45.2  21.1  750.2  0.0  0.0  10.0  23.5  0.0 
1720 1.52  0.81  -144.03  9.72  -0.57  -21.78  11.93  -11.57  124.6  0.2  45.5  21.1  750.3  0.0  0.0  10.0  23.7  0.0 
1730 1.48  0.80  -144.09  8.01  -0.55  -11.43  12.13  -1.05  122.0  0.2  45.4  21.0  750.3  0.0  0.0  10.0  23.6  0.0 
1740 1.56  0.86  -144.26  5.00  -0.53  -3.16  14.76  9.47  128.3  0.2  45.2  21.0  750.5  0.0  0.0  10.0  23.5  0.0 
1750 1.32  0.89  -144.29  6.49  -0.54  -16.34  17.17  -1.66  144.5  0.2  45.4  20.9  750.6  0.0  0.0  10.0  23.2  0.0 
1800 1.30  0.87  -144.37  6.68  -0.54  -17.50  17.12  -2.86  138.0  0.2  45.4  20.9  750.7  0.0  0.0  10.0  23.4  0.0 
1810 1.50  0.92  -144.79  7.87  -0.51  -20.73  16.29  -6.81  124.9  0.2  45.4  20.8  750.9  0.0  0.0  10.0  23.7  0.0 
1820 1.58  0.98  -144.90  8.42  -0.46  -18.55  19.54  -1.84  119.0  0.2  45.4  20.7  751.0  0.0  0.0  10.0  23.6  0.0 
1830 2.20  1.04  -144.84  7.85  -0.45  -16.45  21.69  2.09  117.0  0.2  45.4  20.7  751.0  0.0  0.0  10.0  23.6  0.0 
1840 3.43  1.26  -144.73  7.79  -0.44  -15.78  23.13  3.99  128.8  0.2  45.3  20.6  751.2  0.0  0.0  10.0  23.5  0.0 
1850 3.11  1.23  -144.61  8.32  -0.45  -17.67  21.01  0.29  127.5  0.2  45.3  20.6  751.2  0.0  0.0  10.0  23.6  0.0 
1900 2.14  1.26  -144.39  9.36  -0.47  -21.74  16.18  -7.90  118.6  0.2  45.2  20.5  751.4  0.0  0.0  10.0  23.6  0.0 
1910 2.17  1.39  -144.64  9.27  -0.46  -21.87  15.88  -8.29  131.9  0.2  45.3  20.5  751.5  0.0  0.0  10.0  23.6  0.0 
1920 2.53  1.72  -145.07  8.85  -0.44  -22.24  15.27  -9.19  133.3  0.2  45.5  20.5  751.7  0.0  0.0  10.0  23.5  0.0 
1930 2.62  1.61  -145.03  8.45  -0.40  -22.17  15.43  -8.97  122.8  0.2  45.7  20.4  751.8  0.0  0.0  10.0  23.5  0.0 
1940 2.50  1.36  -144.75  7.47  -0.35  -22.05  16.00  -8.39  115.4  0.2  46.1  20.4  752.0  0.0  0.0  10.0  23.7  0.0 
1950 2.91  1.49  -144.82  7.41  -0.34  -22.16  16.21  -8.31  115.3  0.2  46.3  20.3  752.1  0.0  0.0  10.0  23.5  0.0 
2000 5.54  2.18  -144.99  6.21  -0.30  -22.16  17.68  -7.04  118.3  0.2  47.2  20.2  752.4  0.0  0.0  10.0  23.3  0.0 
2010 7.83  2.55  -145.21  4.68  -0.26  -21.66  19.01  -5.40  121.9  0.2  47.6  20.2  752.5  0.0  0.0  10.0  23.2  0.0 
2020 7.36  2.66  -145.15  4.79  -0.25  -21.51  19.34  -4.98  124.8  0.2  47.7  20.2  752.5  0.0  0.0  10.0  23.3  0.0 
2030 6.26  2.92  -145.20  5.85  -0.24  -21.39  19.55  -4.68  121.7  0.2  47.8  20.2  752.7  0.0  0.0  10.0  23.5  0.0 
2040 5.56  2.74  -145.12  7.07  -0.25  -21.60  18.70  -5.61  120.1  0.2  47.8  20.2  752.8  0.0  0.0  10.0  23.5  0.0 
2050 5.36  3.36  -144.92  8.63  -0.25  -22.06  17.11  -7.44  119.6  0.2  47.9  20.2  752.9  0.0  0.0  10.0  23.7  0.0 
2100 5.51  3.63  -144.88  8.64  -0.25  -21.97  17.02  -7.42  119.2  0.2  48.0  20.2  752.9  0.0  0.0  10.0  23.6  0.0 
2110 5.81  3.91  -144.85  8.63  -0.23  -21.69  16.92  -7.20  119.2  0.2  48.4  20.1  753.0  0.0  0.0  10.0  23.5  0.0 
2120 5.52  3.68  -144.95  8.93  -0.23  -21.79  16.81  -7.42  114.6  0.2  48.4  20.1  753.1  0.0  0.0  10.0  23.4  0.0 
2130 4.67  3.10  -145.22  9.88  -0.24  -22.15  16.01  -8.47  109.2  0.2  48.4  20.1  753.2  0.0  0.0  10.0  23.4  0.0 
2140 5.06  3.47  -145.08  9.82  -0.25  -22.14  15.56  -8.84  125.1  0.2  48.3  20.1  753.2  0.0  0.0  10.0  23.5  0.0 
2150 5.66  4.26  -144.67  9.80  -0.26  -21.84  14.94  -9.07  155.4  0.2  48.1  20.0  753.2  0.0  0.0  10.0  23.4  0.0 
2200 5.60  4.13  -144.70  9.72  -0.26  -21.89  14.93  -9.12  166.9  0.2  48.2  20.0  753.2  0.0  0.0  10.0  23.5  0.0 
2210 7.90  5.73  -144.96  8.78  -0.22  -21.52  15.74  -8.06  177.9  0.2  48.1  19.9  753.2  0.0  0.0  10.0  23.5  0.0 
2220 11.36  8.26  -145.12  7.25  -0.06  1.09  13.14  12.33  151.1  0.2  48.2  19.9  753.2  0.0  0.0  10.0  23.5  0.0 
2230 17.39  12.27  -144.96  4.83  0.22  56.09  1.05  56.99  119.8  0.2  48.4  19.9  753.3  0.0  0.0  10.0  23.8  0.0 
2240 17.78  12.49  -145.08  4.75  0.23  57.06  0.28  57.30  126.3  0.2  48.4  19.9  753.2  0.0  0.0  10.0  23.5  0.0 
2250 19.19  12.73  -145.08  4.17  0.14  47.05  1.88  48.66  147.1  0.2  48.5  19.8  753.1  0.0  0.0  10.0  23.2  0.0 
2300 24.02  14.24  -144.60  3.60  0.33  92.45  -12.25  81.98  167.2  0.2  48.7  19.8  753.0  0.0  0.0  10.0  23.4  0.0 
2310 20.82  12.86  -144.59  3.55  0.33  98.41  -15.39  85.25  163.2  0.2  48.9  19.8  753.0  0.0  0.0  10.0  23.4  0.0 
2320 13.57  9.23  -144.27  3.54  0.13  67.53  -8.29  60.44  170.9  0.2  49.2  19.8  753.0  0.0  0.0  10.0  23.7  0.0 
2330 11.88  8.03  -144.52  3.57  0.05  51.03  -2.76  48.67  166.2  0.2  49.3  19.7  752.9  0.0  0.0  10.0  23.5  0.0 
2340 7.56  5.05  -145.38  3.73  -0.13  7.67  12.23  18.13  153.5  0.2  49.3  19.7  752.9  0.0  0.0  10.0  23.4  0.0 
2350 7.82  4.86  -145.57  4.05  -0.14  1.20  14.86  13.91  156.4  0.2  49.2  19.7  752.9  0.0  0.0  10.0  23.3  0.0 
